数量：81
0000    
0008    
0009    
0080    
0088    
0089    
0090    
0098    
0099    
0800    
0808    
0809    
0880    
0888    
0889    
0890    
0898    
0899    
0900    
0908    
0909    
0980    
0988    
0989    
0990    
0998    
0999    
8000    
8008    
8009    
8080    
8088    
8089    
8090    
8098    
8099    
8800    
8808    
8809    
8880    
8888    
8889    
8890    
8898    
8899    
8900    
8908    
8909    
8980    
8988    
8989    
8990    
8998    
8999    
9000    
9008    
9009    
9080    
9088    
9089    
9090    
9098    
9099    
9800    
9808    
9809    
9880    
9888    
9889    
9890    
9898    
9899    
9900    
9908    
9909    
9980    
9988    
9989    
9990    
9998    
9999    

Q2:
数量：108
0707
0708
0709
0780
0787
0789
0790
0797
0798
0807
0808
0809
0870
0878
0879
0890
0897
0898
0907
0908
0909
0970
0978
0979
0980
0987
0989
7070
7078
7079
7080
7087
7089
7090
7097
7098
7807
7808
7809
7870
7878
7879
7890
7897
7898
7907
7908
7909
7970
7978
7979
7980
7987
7989
8070
8078
8079
8080
8087
8089
8090
8097
8098
8707
8708
8709
8780
8787
8789
8790
8797
8798
8907
8908
8909
8970
8978
8979
8980
8987
8989
9070
9078
9079
9080
9087
9089
9090
9097
9098
9707
9708
9709
9780
9787
9789
9790
9797
9798
9807
9808
9809
9870
9878
9879
9890
9897
9898
